2369 5052
2573 3181
735 5769
2865 3466
2361 3977
2731 3167
2597 5315
1693 4553
2093 4225
1520 3310
2917 5082
2811 5036
72 3493
1705 3653
996 3414
129 5753
2738 4965
260 4093
1509 5676
413 4266
2408 4288
308 4838
859 4750
2803 5690
2420 5687
1369 3560
696 5130
743 4121
2127 4190
1964 4928
2290 5593
2558 4398
1693 4564
376 5030
1341 3788
1394 4895
352 4572
1020 4256
546 5666
2435 3303
824 5096
408 4919
2455 4937
2383 3493
1448 4274
1152 3494
1217 3806
598 3913
2578 5641
625 3072
537 5012
204 5042
2823 5226
1438 4186
2208 3021
282 3651
63 4938
1164 3692
765 3787
252 3896
1332 4854
1641 4263
2387 4549
2891 3116
754 5656
2424 3372
768 3859
2884 4964
93 5368
634 4977
1188 5368
368 3776
1644 3934
1123 3109
1081 5466
393 4963
425 5870
2948 3499
2524 3365
1347 3774
465 4432
1274 5863
2470 5662
1230 3584
836 3404
694 4844
2815 3043
1084 3487
909 5033
1731 5471
400 3506
742 3823
128 3213
528 5790
1493 3681
2328 4978
2066 4287
2881 4172
2722 3951
351 5779
1873 3175
1301 4999
2700 5097
2277 4921
1906 5893
291 3667
2871 5642
838 3575
2792 5415
1509 5991
2776 4517
1481 4718
2651 4427
512 5337
2266 3462
676 4761
1152 5514
732 5601
2887 3430
1270 4060
2339 3894
2310 5538
140 5735
1070 3367
2618 5540
1894 5788
749 3908
2233 5039
2589 5336
2779 4559
130 4249
1612 3573
1930 4095
2298 5275
1945 3133
1199 5672
1439 4903
285 4277
1274 5976
802 3947
462 4072
595 4343
2039 3271
2117 4477
311 5288
957 3053
1659 4470
670 5803
2275 3456
2064 5936
2457 4769
1126 3490
2947 3167
1377 5858
827 3827
1885 5139
83 3451
1479 4365
2995 4692
160 3288
2074 4167
677 5090
2838 3197
1880 5321
1673 3281
1370 5864
538 3978
1206 4068
346 3622
2291 4219
2483 5671
2903 3728
1269 3996
2594 4839
125 5191
1677 5564
1295 4052
26 3078
209 4783
136 5537
1343 5742
103 5250
2401 3564
2853 3061
165 4565
475 3120
484 3815
1344 3323
1290 3386
1109 5882
2013 3920
866 3770
882 4403
1754 4212
122 5504
2845 5714
1143 3645
210 4454
2354 5812
2733 3494
1446 5129
2340 3261
1398 4872
1997 5294
2238 5587
1485 4895
302 5626
1301 5889
765 5076
958 3079
898 4961
2556 4679
175 5739
1198 4864
1509 4215
1484 4036
412 5330
2277 4994
2382 5493
2833 5564
1670 5754
1990 3991
1082 5327
375 4401
770 5541
2035 5549
249 5589
497 4377
1311 3377
897 4262
1057 3708
2997 3509
190 5549
651 4031
1531 4891
258 3826
262 4463
713 3038
2407 3737
657 5778
1557 5999
187 3375
2481 5737
2551 3253
2265 3897
892 4147
2048 5383
1393 3136
936 3042
968 4518
1376 5236
81 4900
2788 3744
1107 4150
565 3704
2536 4271
767 5626
924 5320
361 3761
2826 4206
1945 3759
1021 4916
2520 4111
646 5499
900 3087
630 4214
1166 5435
2215 4267
203 4246
316 4843
1316 5708
2774 4600
75 4321
2316 5459
1636 3807
2986 3293
491 4854
2936 5051
811 5205
2835 4392
1354 3310
970 3466
2160 3052
2201 4359
1045 4725
1498 3643
2148 3867
55 4034
1833 3606
416 3809
1966 3979
1745 3044
2762 4373
1219 5539
2152 5912
261 3827
2377 3014
1579 4905
497 5654
679 4706
2987 5461
1880 3764
1669 3048
2690 4415
1692 4728
140 5018
125 3212
2055 4066
2316 4425
712 4468
101 5899
2517 4430
2965 5522
1329 4203
2128 3587
1287 4188
625 3891
147 3336
140 4916
540 4700
1251 5773
2344 3046
2743 5295
2003 3447
1759 5179
194 5694
729 5398
2090 3085
144 5448
433 5584
721 5107
2246 3767
2200 4154
81 5058
2495 5270
2081 5014
247 4896
801 5721
145 4107
315 4375
1915 4544
1714 5960
246 3974
2918 4292
204 3902
2392 4206
296 4466
1076 3418
2600 5791
1631 3002
2753 4007
2046 5497
2601 4108
909 3137
1323 4321
37 3727
1159 5403
175 3556
1924 5875
2165 4125
2585 3227
1634 5240
551 5452
1274 4565
2986 5590
1067 3231
175 3415
501 5776
276 5019
1571 3746
2167 3776
1263 4591
2679 4750
1890 5076
2935 3398
2296 3162
1996 4469
2377 4485
1420 3443
2711 4977
1343 5155
2737 5908
2446 5536
391 3683
1978 4489
2056 5835
2203 3845
433 3493
1828 4207
1405 4036
276 3991
1366 5920
2578 3523
1197 3371
777 3812
1278 4325
1552 5344
1702 3925
1994 4472
542 4930
1710 4518
1404 3537
2052 5891
1321 4479
2525 5470
1007 3028
749 3393
2899 3870
1735 5835
2423 5452
2485 4828
2295 3623
850 4393
1951 3074
1057 3195
2129 5525
1599 5105
1684 3735
899 5709
819 4492
831 5992
59 3675
1850 4011
1901 4571
2860 3056
2019 3240
253 5434
789 4189
554 4620
1590 4841
2242 5045
1763 4659
2107 5936
1430 4813
2427 4314
1745 3162
526 3703
2987 5500
1500 4529
2566 5965
734 5699
2780 5217
2684 5963
1492 3181
1285 3275
2625 5714
1268 5355
2295 4892
536 5840
1667 5375
996 3950
2918 4130
1684 3604
1881 5624
1841 3672
1016 4282
1780 5029
1779 4615
2638 3020
2346 3506
1970 3323
1579 4385
2017 5202
2265 3960
1869 4663
558 4932
1273 5578
413 3764
1769 3896
1450 3161
1983 4773
704 4656
1906 5043
285 5549
1772 3083
2390 4040
1209 4356
2249 5086
982 4673
2148 5549
1533 5564
436 3970
2323 4116
1006 5193
2552 4548
2203 5808
1936 4007
1173 5217
2390 5276
1509 5170
511 3308
2409 5335
2701 4718
538 3614
1236 4028
1527 5125
2988 3490
2081 3915
821 3774
2963 4525
1216 3337
1929 4504
2284 3797
2769 4535
280 4178
432 4115
545 5690
2422 3251
2346 3808
1393 5360
2100 3058
2254 3154
2142 5409
916 3612
148 3172
759 4530
980 5680
2608 5551
1511 5127
290 5652
2546 5838
628 5697
2209 4287
2855 3002
969 3136
2157 3566
496 3326
184 5886
2204 4993
292 4480
2657 5248
854 4826
1336 4537
1007 4279
114 3589
1821 3522
2338 5590
1611 3774
1146 4614
2187 3477
1848 3164
1176 5140
1241 4733
2227 5262
1182 3416
11 5555
1585 5837
2292 5470
1155 5031
444 3707
944 4040
616 5476
1654 3572
1875 4812
834 3089
1579 4256
1256 4083
2404 4572
2867 4949
1184 4467
1914 4293
1782 4296
2724 5967
414 3035
1057 3010
2206 3302
846 3095
1066 3967
359 3293
2375 3960
111 5477
1085 3972
309 4712
1258 5228
804 3699
2834 5123
213 5621
1042 5311
2242 5528
2525 5356
2776 5343
2966 3609
2567 5174
1373 3256
1705 3408
2776 3054
1268 5509
1232 3119
1960 4278
2995 3761
1634 3055
2670 3325
518 5500
1395 4211
1435 5305
1037 5697
760 5968
858 3322
2847 4104
1176 5378
1868 4582
655 3553
249 3754
1375 5889
1822 3423
1312 5624
1135 5192
1711 4895
2907 5853
1477 3305
1710 5223
2350 3663
1047 4592
1694 5862
2031 5689
1449 3218
1962 5259
2912 3144
1026 4003
2018 3204
1244 4372
109 3883
2338 5142
2930 4314
1586 3067
51 5187
2365 3049
1031 5271
1497 5299
2395 3744
2351 3566
1953 3129
1 3443
80 3746
434 5869
823 3307
304 3587
1152 4165
1397 4223
2032 4636
931 3634
620 5987
972 5557
828 4133
245 4229
1974 3232
558 3328
2259 3493
2342 5242
1088 5948
1513 3321
423 5870
1444 3075
142 5146
1083 4327
1372 4952
2738 4245
2477 4318
385 5042
2052 5554
1768 5903
2344 3980
526 3268
1740 5313
981 3603
129 4628
1267 3720
212 5991
1752 5880
2193 3633
489 5160
116 3752
1499 4211
1550 5838
1700 4473
2331 4179
2039 3606
2757 4621
805 3250
960 4439
2647 3877
2159 4704
1619 5281
2570 5227
75 5841
619 5996
2193 4916
2421 3724
2311 5266
138 3275
1935 3399
2837 3433
17 5779
1367 3744
754 3461
948 4921
2401 4911
1943 3752
2012 5981
2053 4788
779 3247
1597 5699
1706 4249
150 3681
2544 5337
2382 3283
1534 5574
2389 5506
2149 5731
1684 5799
2702 5136
2613 5467
27 4769
1335 4029
2669 4305
393 5327
2381 3585
823 4294
2601 4983
1208 4249
2787 3041
2983 4364
1653 5000
229 5848
2881 3009
2285 5859
1255 3496
2838 5092
1082 5305
1382 3387
2884 5346
2341 4368
2563 4363
913 5446
163 4353
692 3433
192 5793
2778 5660
301 4480
2310 3498
1839 5118
673 4113
328 5822
2177 3160
2418 3316
2081 3769
1576 5163
779 3626
1701 4911
2199 4787
2737 4292
1666 3147
2930 4141
896 4721
2619 5186
1321 4762
191 5508
2123 5987
1869 5675
1045 3325
2265 5168
1131 4104
1055 5080
483 4387
1908 3745
2958 5847
1969 4447
1862 5886
57 3672
2957 5903
2760 3725
322 4713
906 5337
1887 5150
2884 3252
1545 4945
2114 3903
2045 4072
114 3581
537 5019
881 5850
2742 5170
2276 4158
996 5563
1799 5803
966 3378
2551 5278
1273 4679
2261 5358
1093 3528
1366 4539
2938 4736
2109 4795
135 4307
547 3057
153 4038
921 3268
2661 4205
2082 3194
2968 4239
2274 4935
1706 5890
2765 5757
2503 3597
876 5360
1287 3611
84 3879
2447 4747
435 5789
283 3178
2774 4644
2813 3882
1556 5824
1683 4762
1545 3653
1662 5515
2750 3571
322 5009
1186 5359
320 5629
723 5738
2054 5027
1956 4146
1980 3474
1246 4840
635 4946
1034 5150
2539 3499
896 4039
1295 5730
416 3145
1348 5438
2424 4350
2453 5528
2867 3003
911 4425
551 5384
1771 3016
2596 5978
344 3744
1807 4381
44 4467
2995 5366
331 3742
680 5209
2003 3425
1601 5906
161 3506
1977 4299
373 4004
552 4061
186 4765
1355 4723
491 5373
1966 4912
313 3875
2323 4428
510 3278
516 5414
1375 5881
697 3135
1812 3364
1218 3616
1955 4468
149 5930
1661 4312
2432 5163
498 5574
2113 4738
1242 5886
1131 4292
270 5428
945 3072
2156 4002
471 3417
2932 3972
840 5111
361 5274
2967 3908
2156 4968
273 5720
1372 5693
837 5979
1736 4356
2804 3478
467 4121
1898 5730
2085 3801
1828 3325
2586 5756
2981 5415
2697 4667
8 5770
895 4844
1895 5201
2948 4542
2268 5465
16 3610
1966 3301
321 3999
1265 5542
2302 4451
117 3604
698 3201
2900 4385
959 4174
415 3091
2434 4016
346 3216
792 4660
2655 4744
1948 5719
2402 4516
2715 4327
2294 5516
16 5115
60 5017
138 5547
2111 4168
2084 5644
186 4319
2506 3797
409 4941
1345 3717
1058 4219
390 5546
1741 5548
1971 5110
2148 4018
2911 5921
1011 4568
1141 4283
2173 3459
493 3737
2691 3062
886 3941
938 5853
2829 4463
108 4362
1965 5300
1018 3661
737 4629
374 3627
1088 5057
2118 4162
389 3565
2006 3218
1555 3420
1518 4068
1162 3361
1490 4291
2559 5074
934 3611
2263 3348
1601 4456
743 5201
1603 3405
2036 3630
2734 5034
1327 5293
2767 3069
447 5621
2115 3726
1576 5594
225 5053
1375 3887
2174 3202
2534 3229
2051 3750
940 3758
579 4102
2902 5972
2418 4578
2523 4329
2774 4183
2124 3020
1536 5548
1648 5551
2482 5504
2620 5698
2552 4016
1137 5314
405 4893
1667 5033
2615 3473
1606 5338
2726 4228
853 5884
2804 4298
2512 3641
459 4819
889 5129
2143 5023
454 5746
2228 3377
1160 4720
528 3757
878 5959
409 5621
1066 3467
1166 3762
2295 3161
379 3017
1121 5257
1696 5721
1425 3100
955 3392
1176 5916
1867 5210
1224 3038
1375 4414
123 3529
1960 4916
2197 3321
1452 4668
1897 4012
2735 5991
216 4128
567 4305
1638 5528
2539 5740
279 5676
51 4618
2793 5363
2196 5755
2601 4171
1813 4079
1962 3742
565 4953
2169 3082
1347 4237
591 4000
2097 5935
2900 3324
2837 5503
2452 3975
2648 5616
2417 4516
818 5685
2806 4568
2396 5060
2284 4889
2398 5085
241 5888
549 4662
9 3161
1670 4138
514 3323
762 4482
789 4591
899 4970
1759 4471
767 4171
2010 4375
569 3632
1114 3197
2592 4502
1990 4504
2327 4094
658 3027
2006 5271
1333 4829
1751 3933
133 3828
2759 5990
1318 3341
2824 4391
812 4551
2158 4587
1286 3531
2434 5553
56 3399
2722 4198
1891 3165
1945 5927
714 4510
1207 5763
363 5783
1239 4271
1796 5137
2832 5327
65 3672
474 4625
2604 3898
1187 3293
1327 3668
1553 3373
2776 5249
1960 5835
2075 5844
1923 5182
1899 4507
1173 5874
2787 3433
670 5113
2369 4601
2588 3149
1609 4756
81 5976
1672 5358
610 5588
2181 3030
930 4146
610 5880
798 3177
2128 3229
1083 5969
2206 5944
1577 3845
2562 3269
1386 4672
2769 5552
2413 4084
2500 4106
958 4737
2291 5541
231 3382
1462 3246
1035 4729
2325 5416
885 4690
798 4745
673 4032
2201 3658
1881 3188
818 5462
2570 3060
50 4515
372 5595
2861 5336
1903 3326
1283 5287
1332 5898
478 4873
339 4266
182 3851
2313 5871
2298 5510
576 5292
692 3469
2929 5179
2207 5016
1083 4678
2730 5001
1134 5881
11 4042
468 3601
2981 3515
206 4247
2345 4761
1480 5610
2585 5778
1859 5371
1003 3957
1112 3096
473 4020
1453 3203
1308 5813
1867 5071
2323 4864
1769 3412
2888 4599
2096 4622
2462 5285
1413 5612
1762 3390
1720 3028
2304 5245
2890 3264
2865 4047
1475 5048
2447 5259
1004 3976
1938 3674
11 5957
206 5380
1605 4217
1123 5321
2096 3124
2437 3961
257 4369
1812 5096
1023 5840
2664 3189
2424 3521
183 4801
2605 4036
2093 4536
547 5948
331 3415
358 5374
850 4137
2971 3098
2978 3427
2753 5405
42 3883
1446 4741
148 4110
2132 3439
2198 3727
1652 5559
2184 4422
2735 3897
2000 5657
752 4609
209 5128
1938 4674
1322 3477
2120 3279
2793 5365
2354 3941
2143 4919
1953 4645
2655 4798
2399 4869
1162 5862
1082 5093
1095 4490
1424 4268
751 3273
694 3356
1437 3130
2539 5282
2638 5282
1048 3805
1629 4703
1168 4556
472 4780
2779 5513
2235 4754
140 3173
2829 4138
1927 4790
1417 3789
1588 3328
524 4691
1995 3529
1793 5831
424 3724
809 5126
2564 3906
2928 5225
2426 3407
2754 5732
168 5866
1949 3018
1563 4095
362 4211
2698 4747
305 3196
2128 5489
2987 4824
1664 4702
763 3454
1974 5430
473 4625
543 4313
495 4216
812 5537
543 3936
1044 3874
168 4566
259 4342
2847 5065
1706 3656
1679 4045
913 5622
228 4973
1483 3694
62 5304
640 3014
531 4388
649 4172
1392 3121
2140 5792
1861 5013
654 3862
639 5590
2817 4117
68 4818
1032 3278
458 5816
2496 5625
2987 4686
1897 4039
599 4817
2847 3577
2025 5856
65 4631
1109 3993
131 5122
2497 3194
1782 5996
1315 3959
894 5312
2301 3950
1160 3893
459 5112
101 5643
1727 3420
2165 5943
2089 4504
1533 3227
2459 4513
2052 3276
2533 4863
2349 5193
602 3600
870 5684
2914 5261
2550 4034
389 3377
1402 4569
358 5412
2349 4125
637 3786
1287 3462
1222 5730
410 5549
895 3544
284 5182
2158 4619
1043 5047
1602 4434
1484 4467
636 4445
1402 3168
1761 5673
2449 5895
1485 3541
2050 4804
1079 4059
2492 4806
2939 4968
12 5399
2519 5794
33 3097
120 3450
234 3711
1602 4960
1451 4231
2088 4840
1963 4027
777 3025
144 3514
1055 3009
318 5742
2030 4891
1493 5601
2804 5273
1395 3886
2937 5271
301 3883
1516 3295
2089 4594
1769 3837
622 5599
1596 4193
1158 4849
1838 4290
1367 4734
708 5158
313 3753
155 3478
395 4027
2831 5563
2902 5132
1658 3182
1411 5666
931 3927
272 4961
2864 3921
1806 4110
2430 5561
2081 4821
69 3665
2189 5121
465 5647
1410 4368
109 5650
1395 5916
1989 4081
2377 4828
243 5038
268 4148
707 5126
2595 3568
347 3618
262 5370
2594 5324
2519 3633
2701 4716
196 4614
1736 4890
832 4610
586 5456
463 3113
255 4336
2949 5239
2918 4857
1693 5544
69 5847
1060 5023
1830 5087
1228 5008
841 5505
877 3670
620 4485
2343 3918
1996 4841
1528 5649
2376 4207
419 4829
168 3684
2786 4029
2005 3619
2813 3112
533 3630
563 3939
285 5508
2816 4726
1429 4635
1441 3572
219 3496
284 3961
2978 4469
2508 5736
2027 4885
1240 4122
2439 4167
2306 5322
2363 3146
1755 5690
2793 4711
2633 5853
1278 5432
2427 5648
851 5593
2188 5185
1299 5129
1031 3928
2604 4787
2889 4032
180 5420
1901 3895
2050 4631
843 3555
2248 3141
2978 4124
1041 3598
1397 4610
1784 5966
564 4075
2016 5119
1610 4469
1127 5979
2236 4156
1668 4566
2143 4147
1474 5853
2401 4780
263 3257
1010 3901
1842 4216
2319 5689
2426 5870
1309 4318
2455 3152
2639 3258
266 5523
1870 5639
2722 3690
2116 3822
2078 3867
474 3772
243 3894
2330 3527
1998 3573
1872 5488
1408 3374
643 3509
1429 4194
2550 5770
766 5307
382 5385
2776 3784
1360 3414
2375 3546
1703 3578
2944 3699
971 4637
385 4057
2490 5387
2892 5367
648 3908
2563 4211
1744 5848
1868 3580
2845 4482
2742 3385
1726 3680
539 4810
2545 5945
236 4976
17 3059
553 5659
1891 4223
1160 5484
564 3881
1780 3618
2 3803
2881 4257
2582 3149
1878 5418
1531 5215
837 3058
1311 3613
1300 4157
1732 4960
1173 5433
2721 4932
286 4776
2159 3521
219 5271
2801 5572
974 4388
245 5943
2598 4460
462 5492
2166 3325
2935 5509
1288 3898
1726 3835
19 4807
1946 4040
1711 3713
1198 4357
2579 4078
289 4406
75 5090
1044 3537
291 4011
1409 3274
239 3091
2288 4111
172 4456
644 4851
2125 3219
2887 3540
2380 3219
2789 4495
431 3093
183 5619
136 5774
736 5922
1731 4544
1368 5807
1478 4228
2335 3516
1775 3537
1745 4165
2578 5868
1780 3418
400 3409
1234 5201
647 4679
1751 4865
1494 3535
958 4190
2239 5046
2151 3406
360 4735
2900 3121
2265 3741
1951 5556
2123 4647
1909 3262
2554 4617
1401 3212
629 4404
2959 3134
466 4108
2522 3592
1498 4801
1827 4646
2757 5038
369 5242
1956 4331
741 3034
40 3109
2026 3570
768 3762
17 4448
558 5894
21 3155
532 3345
1598 4211
1388 5508
2870 3448
2772 4450
2223 4085
1997 5030
915 3061
987 5471
2945 5907
671 4121
241 5004
1474 4284
1047 5376
572 3795
164 5341
850 3705
1290 5418
928 4424
503 3423
1707 5805
1284 4391
2573 5843
1627 3297
2837 3950
2702 5282
911 3826
135 5934
35 4408
719 4417
181 5722
980 5767
2041 5920
404 5184
1698 5578
947 5876
283 5217
1229 3907
2454 4683
2918 4676
1855 4533
659 3978
1326 3426
5 4401
195 3497
2039 4911
266 3819
1232 3309
2754 5100
165 3886
2192 3568
262 3384
2043 5277
14 5634
1336 4395
2388 4960
2822 4166
1179 3290
819 4629
1612 3957
1171 4559
2126 3507
4 5580
2329 5698
2338 3907
2485 3926
1794 5996
514 3574
566 3356
1911 5072
1577 5395
2114 3634
686 5621
2613 3043
604 3576
899 5054
1508 5613
2488 5085
2542 5477
1168 3911
1394 3636
710 4536
2976 4140
866 3625
283 4812
2077 4236
1108 5772
89 3391
929 4234
574 3220
2078 5130
651 4906
2275 5052
2006 4769
2506 3147
2170 5390
687 3605
1859 5611
1996 5198
2176 5127
333 4059
1063 3960
2651 3613
2573 4664
2339 5835
1357 5048
1138 5963
2853 3979
1140 3538
120 5013
2685 4149
1872 5586
2777 3996
1608 3110
176 5807
1321 4916
1784 4593
1921 3622
871 3031
2243 5291
259 4959
1597 3704
2392 3503
238 4240
1239 3995
1470 3788
1277 4384
303 4194
1882 3736
689 3344
539 3794
171 3195
2476 5032
587 4933
1083 5049
853 3190
1695 3040
2373 4456
41 4663
1650 4012
1983 5702
2379 5563
151 4740
652 4936
226 3812
1353 4438
2916 4974
39 3051
2597 5525
2895 4140
2009 3369
2450 4214
1351 3127
757 3364
2481 4042
834 3396
2261 3562
2186 4777
2993 3117
1498 3460
366 3368
2401 5867
989 3870
2112 4760
1814 3453
633 5428
906 5117
1373 3473
801 3526
2585 5939
331 3845
593 4943
99 3021
1036 4560
652 5097
162 5624
594 5008
1759 5457
1772 3196
375 3767
609 5966
1864 3406
780 3238
816 3198
1105 4070
2120 3829
2879 3304
2436 3338
2509 5813
1301 4337
2490 4105
1351 3323
1396 4659
630 5968
1817 4591
347 5526
297 4794
995 4089
1990 5165
2843 5978
2717 5778
2015 4794
1747 4846
342 4899
2940 3463
240 4305
211 4634
90 4753
1887 3912
2781 4093
2754 4608
636 5334
2976 3949
1697 4260
145 3760
284 5221
2155 4923
1948 3911
2052 4832
1229 5430
1021 3956
1481 4056
1239 3871
2772 3942
821 3432
603 5466
1828 5637
508 3999
2992 4252
2363 4270
709 4340
2428 4558
80 3201
909 4702
1644 3407
972 4169
548 5274
2503 3927
10 5711
237 4517
645 3524
267 5991
1624 4759
803 5215
419 3570
1454 3774
472 3924
229 4650
2252 3017
1672 5690
2795 4761
781 5253
429 5037
1867 5911
2229 4615
554 3114
1502 5797
2288 4566
2813 5840
1528 4168
275 5659
2822 5021
535 4538
367 3454
941 5418
2286 3759
135 4081
891 4343
2380 4133
2282 5236
1727 4405
2094 4288
2195 5684
2071 4454
582 3329
2279 3351
2304 5737
1550 5873
2236 3464
2965 4640
2085 3602
535 4207
1411 4894
2312 4126
95 3426
2888 5096
1280 3388
2167 3035
267 3206
2977 3789
2747 5853
362 3826
2398 3340
1823 5994
190 4430
1074 4430
404 5533
2070 3689
2903 4726
259 5358
2984 3911
2302 4213
258 4612
1742 4948
1044 4400
48 4694
47 5220
461 3104
651 5920
515 5064
643 5101
2540 5162
1932 3270
1192 3583
2357 5860
274 5303
1998 5195
735 5856
1120 3727
787 5841
371 5335
2342 4195
2780 3085
1164 3338
1418 3610
1161 4786
1903 4063
10 5704
270 4498
475 5408
2392 5940
2189 5233
2723 3337
837 5050
2441 4575
1367 5773
2036 4904
83 4670
2136 4049
2020 4804
1801 5955
930 3859
875 5172
2024 3889
2803 3176
1021 5218
477 5235
14 4888
481 3318
221 4225
1014 3896
1913 4263
2200 5572
179 3277
181 5371
1910 3011
332 5854
1615 3716
1932 3103
771 5234
2914 4780
1426 4740
674 5539
468 3298
1521 4102
1301 5064
57 5525
1193 5044
2087 3790
978 5708
820 3078
211 5079
1593 3895
11 4870
2506 3354
669 4882
930 5901
270 5869
1247 3012
2203 5527
2548 3632
1454 3188
1024 5254
271 4426
2674 3286
2161 4782
2069 5559
1186 3425
975 5628
2635 3506
2988 3380
955 3417
55 3332
561 5378
2995 5078
2442 4774
2288 3631
2850 5147
978 4547
143 5607
700 4272
718 3778
444 4482
751 4826
411 3586
2413 4772
984 3352
2712 3392
2448 5554
2376 4243
372 4180
2778 5497
416 5629
125 5552
494 3345
2315 4364
888 3794
1223 4637
2712 4113
288 3071
2755 4215
314 4182
1188 4190
2321 3555
2240 4391
2557 3887
1305 3464
284 3001
1567 3661
2329 3058
1070 4182
2196 3644
2838 3558
1111 5096
1557 3977
532 4947
675 3197
1572 5461
1544 3141
2002 4315
1428 3635
1147 5945
975 4485
344 4698
259 5009
433 4017
2547 4817
194 5015
617 3736
2444 5516
1035 4492
437 4016
1432 4450
2088 3438
1766 4768
629 4206
2383 5168
813 4672
1930 3224
2509 5451
2567 3263
2648 3326
1290 5333
645 4636
508 3442
1908 4357
2279 3858
2854 3271
2234 3509
1031 5217
222 4898
2152 3915
994 5475
811 3369
2554 5965
2039 5974
2994 5952
818 3041
2761 4522
899 5399
888 3802
1637 4167
664 3143
882 4309
1312 3585
405 3140
2718 3040
2416 4592
1500 4739
1470 4827
767 5719
469 3669
2446 5932
2417 3778
958 5053
1234 4779
993 3149
2563 4843
162 3038
775 4730
668 3116
1617 5267
1353 5621
603 4651
1093 5757
1169 3515
1720 3760
2325 5021
586 4446
1818 4560
1726 3749
84 3664
733 5347
1439 4762
1602 5297
2864 3394
1905 5751
1592 5569
705 3678
1079 3769
1109 5912
1456 3688
1020 5229
553 5023
154 3526
167 4826
1259 4288
300 5306
2094 3840
2090 5715
1485 4444
1519 5817
2326 5196
1964 3365
865 3060
1465 4255
1115 4112
591 5908
192 4377
681 3282
2691 3664
436 4294
2473 4814
2879 4883
980 4940
1211 3757
815 3554
2828 3593
1557 5084
2559 4991
2778 4253
617 4690
40 3816
2692 3650
2074 4295
1317 5800
879 5973
1592 3602
1935 3805
1657 4574
651 4528
2432 4115
2233 3603
1454 3859
537 3642
938 3082
413 3561
1536 4760
1618 4143
2938 4866
2287 4421
1439 4236
1887 4496
2961 4776
1557 4107
2327 3143
2328 5892
1642 3871
959 3285
1572 4004
2646 5533
2743 3143
2894 5850
2106 4239
2981 5360
549 4349
2128 5569
1174 4321
516 4914
902 3765
1113 5198
2261 4511
200 4661
1942 4107
2932 3092
819 4207
595 3219
2696 4619
2788 3525
974 5388
2683 4541
2360 3874
938 4264
604 3274
36 3307
2567 5435
2569 3536
2016 4278
2489 5035
2947 3506
2166 4002
2722 3645
1384 5336
311 5768
333 4932
1566 5130
2929 4773
1001 4834
1965 4084
98 3013
2797 4305
337 3851
2242 5174
1439 3960
928 3794
473 3642
1098 4752
928 4947
612 5386
2311 4653
1421 5008
2337 3941
1025 5539
2629 4710
1835 3207
882 4146
675 5729
2652 5638
210 4886
2567 5837
2061 4278
794 4127
2617 3981
2060 5920
2880 5389
2892 3475
396 5869
1435 5706
1485 5844
1116 4563
1792 5838
1341 5468
2229 3380
2913 3106
213 5469
2791 4429
1631 3208
182 3976
1970 4982
272 5696
448 5026
635 3118
1278 4225
3000 4167
742 4100
1082 4044
977 5552
328 3940
1429 3274
356 4713
1446 4156
1587 3868
1247 3218
577 3837
1906 3052
572 4306
1460 3958
934 5840
863 4627
1612 4859
1306 5737
100 4167
2975 5053
301 4555
2395 5165
352 3066
840 5173
2618 3660
2535 5208
50 5466
130 3523
2858 3301
636 3774
2394 3750
175 3398
1742 4067
2112 5053
2796 4313
205 5972
2627 4084
2915 4819
2098 3914
2801 5557
1327 5389
2411 5538
261 5660
653 3054
135 4727
69 5462
2719 4768
381 4454
2396 3062
222 3901
2307 3494
34 5418
2578 4217
2062 3749
1740 4450
1098 5190
2277 4881
2459 5777
1784 5026
1458 4550
1409 3256
497 4398
2007 4388
296 4945
2938 5093
682 3362
471 3523
1060 4726
1222 4330
444 3060
2955 3934
110 3255
1178 4244
533 4759
411 4761
2370 4022
2704 3678
2326 5784
215 4086
1113 4002
2521 5627
744 5010
2837 5258
1246 3612
1637 5601
2941 4667
679 3484
172 4912
1270 4814
49 3816
114 3839
2659 3980
77 3499
80 4978
2691 5529
1941 3571
1215 4006
1611 3276
2300 4713
844 5361
2530 3986
2746 4504
2521 4023
2728 5716
2480 4237
1007 3033
1128 4150
1770 4567
359 5068
1686 3815
1116 4702
871 5206
2410 5776
1404 3785
1798 3564
1473 5627
1905 3857
601 4943
313 5994
2572 5206
57 3042
1676 3607
1206 3878
405 3863
1865 3492
33 3430
2009 4935
2780 3966
2175 4570
1682 5314
2308 3674
334 3278
360 4117
1087 3240
2891 3503
2406 4155
532 3137
341 5147
1895 4507
1408 4501
2169 5359
452 4527
1917 5830
2859 5921
2699 5132
440 4288
1062 5254
2615 4976
638 3185
2584 4777
162 3072
1959 4536
1145 3307
1951 5151
2200 5802
2092 3028
816 5386
63 5166
1489 4892
602 3097
1520 5237
2124 3161
882 5828
698 5733
718 4609
1904 3703
363 4777
587 3073
1581 3705
29 5329
2732 5183
1236 3630
2601 5105
2652 4369
930 5322
1578 3909
1488 3035
53 3620
546 4308
140 3168
2409 4751
1298 4425
176 4612
2879 4954
579 4836
2659 4377
1608 4834
2093 4162
2857 4992
2440 4680
1845 4600
489 4593
545 4174
533 5401
1175 4260
932 5172
1887 3838
1181 5472
1696 5650
2507 3465
1388 3589
858 3722
1438 3899
1682 4646
637 3428
1836 5637
613 4278
2179 4637
539 3335
2852 5607
2427 3610
91 4509
1301 3366
63 4697
576 4930
1565 5991
1799 5208
229 5215
1487 4462
1092 4883
1292 4073
506 4659
312 3837
1328 3114
2006 4569
278 4279
2051 5796
750 4107
2591 5482
36 4491
2021 4916
2471 4688
1746 5515
622 5512
828 5851
1141 5803
1392 3474
821 3463
1753 3328
1288 5635
2248 4696
2318 5220
2085 4158
2633 3196
2266 4891
1555 3219
1003 5952
1377 5330
534 3564
1746 3209
2490 5155
2337 3813
2588 3411
2728 5392
588 3369
2841 4741
577 3561
970 5497
2325 4452
2833 5176
1267 3734
830 5359
2765 3016
2669 5247
2975 5923
2964 4665
1094 4749
1658 3631
1905 3103
489 3709
1204 5990
1864 3699
1024 3824
1447 3089
2110 4003
522 5090
1503 4838
1799 3389
2125 3434
1195 3207
2801 4155
2716 4071
350 5249
2519 3428
2600 3413
2604 4254
742 5153
693 3765
660 5496
2059 4716
1565 5820
2777 5870
442 5575
697 3715
2811 3448
426 4079
1395 3148
1139 5416
1597 4985
256 5234
285 4365
1935 3881
2978 5337
1989 3559
103 4085
181 3476
2097 3972
1151 5039
660 3541
2580 5868
127 4430
2782 3137
942 4467
1490 4883
2536 4775
2503 3342
742 5414
2021 4816
1437 5252
1137 3935
1825 5452
414 4116
2557 5523
2865 4398
2752 3729
2069 4025
2199 5659
2523 4178
2125 3097
2295 5373
2954 5924
2747 3731
102 4952
49 3761
2375 5047
2216 4791
2665 4733
2698 5296
2411 4765
13 5378
1772 3391
25 3007
2831 5362
2320 5043
1686 5787
2589 5553
1252 3692
1727 5598
1890 5270
1520 4555
926 5752
86 4412
606 3546
1592 3077
1076 5102
936 5499
1198 3211
2666 4337
2275 4788
117 4662
314 4915
383 5422
2969 3302
304 3627
630 5424
2564 5437
531 5097
1929 5208
442 3794
1560 4918
1339 5149
1675 3851
2637 5393
2392 4383
1209 4251
2323 3703
1606 3473
447 5182
1793 4103
134 5527
2854 4579
2010 3393
2651 4367
899 4003
371 5866
2338 3469
174 4448
2091 3123
2360 4334
2520 3061
1121 3547
1137 4567
2179 4841
815 3138
1890 5025
396 5468
818 5403
2860 3819
843 5991
1241 3290
1432 3224
2933 3082
2141 3058
142 3848
1951 4394
1513 5073
1666 5299
1940 3397
67 5457
183 3054
294 4108
2482 4659
1463 4448
1481 3263
2762 5729
2988 4008
1779 4670
694 5991
394 4936
421 3515
2133 5505
939 3620
2398 3572
656 4989
1723 5718
260 3400
1296 5952
1632 5733
952 3758
1862 3118
796 4498
2971 5912
630 4854
606 5172
2434 5790
991 5214
2296 5294
1655 4118
1429 3985
681 3245
2148 4594
527 4184
206 5233
2506 5974
1673 5183
1504 6000
2382 4497
1708 4653
2085 4550
2299 4790
2679 3663
2572 5310
2008 4556
2187 3065
10 3379
12 5197
2159 5658
2300 5189
2917 4014
1432 4950
646 5352
236 5714
2846 4940
79 4206
410 5863
1595 3194
172 5803
2531 3971
492 5678
2508 5149
2675 3003
2391 5509
1563 5847
1016 4142
77 4216
1961 5522
746 5264
2782 3478
1789 4754
1190 5609
2946 3878
1683 5080
803 4104
303 3145
1477 3646
2183 4443
2298 3625
2767 5519
1720 5667
2762 3938
726 4435
1719 5477
2305 4590
851 5285
1299 5587
2924 4775
1526 4354
916 3697
2512 4990
2447 3264
496 3164
1334 3097
1527 3617
2959 4434
1765 5309
1564 4058
596 3170
2846 5929
2978 5836
78 3939
2006 5077
2119 5306
567 5822
231 5441
1505 4733
62 3490
507 5713
653 4162
2995 4390
2402 3241
472 4295
2032 3838
147 5112
808 5886
1993 4384
681 5067
2661 4428
1243 4882
778 5890
2554 3629
1392 4570
2395 5012
599 5544
101 3491
1335 4196
2863 5615
2162 5116
2187 3702
272 5449
1174 3833
2637 5260
644 4917
998 4252
2383 3208
1058 5074
324 5672
2960 5402
1066 5602
105 3719
1820 3883
1956 5330
201 3579
2693 5327
403 4270
1214 4108
2771 3496
1527 3598
2526 4516
2884 5180
911 3318
823 3140
819 5241
1058 4104
821 5104
1993 5001
629 5562
491 3628
2949 4530
398 5350
1392 3506
2426 5795
1252 3859
2750 4474
2413 4855
1035 4528
2704 5047
2472 5729
365 5200
406 4745
2357 5610
471 5685
1389 5318
675 3975
344 5907
2551 3150
29 5172
1520 5028
801 3046
745 4856
838 4795
560 3728
2862 5151
861 3435
1332 4310
2923 4440
995 3068
1067 3357
2447 3616
1228 3901
694 5255
1131 5892
1284 3635
2396 4883
1266 5835
1884 4658
2821 3155
260 4464
1013 4662
1550 5421
694 3140
1258 4151
1478 4460
814 3902
1679 5726
2976 4546
834 5854
1017 4646
15 4893
1126 5664
2370 4674
2963 5431
368 3105
2942 3121
2242 5236
662 4104
895 3246
1144 4290
526 5477
38 3250
2495 4584
484 4336
1265 3560
2342 3530
2065 4986
2041 4042
1705 5381
1716 4802
2479 3714
1779 3349
922 3805
1865 4033
1128 4814
1378 3555
8 3448
2346 3971
2487 5074
1767 4494
260 4893
347 3622
6 4292
296 3499
873 4473
873 4217
2252 3296
2749 3602
2890 4007
109 4720
2816 5059
944 4263
652 4703
2933 3132
1457 5248
704 3192
874 5327
1093 5739
488 3068
561 5616
591 5223
2811 3787
28 3383
2068 3140
530 4249
702 3953
932 5793
176 4956
2106 4712
1344 5723
2570 5337
1404 4158
650 3753
2126 4228
897 3002
2902 4635
2766 5971
875 5474
878 3123
2763 4099
1435 4036
1929 5193
2600 4465
952 5745
704 4654
1428 5340
1212 3649
1755 5697
322 5607
1514 3484
755 3190
1233 5329
99 5463
267 4193
2496 5477
2840 3621
1148 4938
2974 3227
2386 3963
2416 3298
1491 5763
1566 5397
2556 5989
558 5738
1807 5721
728 5264
501 3260
2602 5858
1993 4161
2121 4739
2858 5376
1511 3238
630 4607
1353 3106
125 5739
660 3272
2943 3189
2222 5013
1753 4665
495 3066
812 3208
1777 5681
1780 4992
600 5531
2909 3849
2435 4047
2090 4327
1461 3020
1248 4373
223 5851
52 4909
623 5722
2902 3806
2024 3809
916 4354
